1000 * -> 10000
1200 * -> 01100
1220 * -> 01011
0100 * -> 00100
2100 * -> 11000
0120 * -> 00011
0010 * -> 00001
0210 * -> 00110
2210 * -> 11010
1010   -> 10001
1210   -> 01101,10110
1100   -> 10100
1120   -> 10011
0110   -> 00101
2110   -> 11001
1111   ->
1112
start
reject
trivial *

* accept

Tupples

0.  00000
1.  00001
2.  00010
3.  00011
4.  00100
5.  00101
6.  00110
7.  00111
8.  01000
9. 01001
10. 01010
11. 01011
12. 01100
13. 01101 illegal
14. 01110 illegal
15. 01111
16. 10000
17. 10001
18. 10010
19. 10011
20. 10100
21. 10101
22. 10110
23. 10111
24. 11000
25. 11001
26. 11010
27. 11011
28. 11100
29. 11101
30. 11110 illegal
31. 11111 illegal
